NOAA 2 (ITOS-D)
1 06235U 72082A   25027.88518865 -.00000012  00000-0  21939-3 0  9991
2 06235 102.0236  35.5032 0004168  55.6690   7.6062 12.53194717391655
SOLRAD-7B
1  1291U 65016D   25028.00883139  .00000087  00000-0  10330-3 0  9995
2  1291  70.0771 230.2128 0018493  60.8521 299.4433 13.94878783 46745
OSCAR-7 (AO-7)
1 07530U 74089B   25027.93950095 -.00000025  00000-0  13231-3 0  9990
2 07530 101.9921  30.7967 0012260  16.3945  37.9476 12.53685542297208
UOSAT-2 (UO-11)
1 14781U 84021B   25027.88349509  .00002732  00000-0  29910-3 0  9996
2 14781  97.7361 357.0911 0009342  61.1669 299.0485 14.88570425181897
FLTSATCOM-7 (USA-20)
1 17181U 86096A   25028.07789966 -.00000090  00000-0  00000+0 0  9995
2 17181  13.1126 343.2915 0042321 317.3319  49.1966  0.98929810146923
FLTSATCOM-8 (USA-46)
1 20253U 89077A   25027.30188242 -.00000353  00000-0  00000-0 0  9999
2 20253  12.5650 354.1959 0007347 306.4821  60.2774  1.00262553255499
OSCAR 16 (PACSAT)
1 20439U 90005D   25027.03535060  .00000421  00000-0  16878-3 0  9990
2 20439  98.8974  44.4552 0009600 276.8183 144.6921 14.33664619829402
LUSAT (LO-19)
1 20442U 90005G   25028.50419422  .00000449  00000-0  17809-3 0  9995
2 20442  98.8971  30.9205 0010673 243.4507 116.5582 14.33844326830127
UFO 2 (USA 95)
1 22787U 93056A   25027.58243757  .00000138  00000-0  00000-0 0  9998
2 22787  11.7245   6.2264 0003261 313.7059  45.5000  1.00274796113474
EYESAT-1 (AO-27)
1 22825U 93061C   25028.11523506  .00000306  00000-0  13426-3 0  9996
2 22825  98.7577  88.8949 0009142 136.3489 223.8417 14.30717029635049
ITAMSAT (IO-26) 
1 22826U 93061D   25028.45156120  .00000347  00000-0  14847-3 0  9991
2 22826  98.7524  89.1074 0009847 121.5829 238.6316 14.31121822635369
UFO 3 (USA 104)
1 23132U 94035A   25027.04946762  .00000106  00000-0  00000-0 0  9993
2 23132  12.1424   8.6647 0004942 267.3140 280.0422  1.00162346126628
RADIO ROSTO (RS-15)
1 23439U 94085A   25027.85336439 -.00000035  00000-0  20139-3 0  9991
2 23439  64.8177  40.4449 0145509 100.3394 261.3968 11.27579791238923
UFO 4 (USA 108)
1 23467U 95003A   25028.18868580 -.00000011  00000-0  00000+0 0  9992
2 23467   9.6704  14.7995 0003229 263.1944  89.8738  1.00269044109885
UFO 7 (USA 127)
1 23967U 96042A   25027.81638939 -.00000271  00000-0  00000-0 0  9992
2 23967  10.6321  19.6383 0004056 109.7044 248.0397  1.00329199104419
JAS-2 (FO-29)
1 24278U 96046B   25028.25882193  .00000064  00000-0  10393-3 0  9992
2 24278  98.5884 299.4792 0349513 325.4936  32.3952 13.53234175405126
UFO 8 (USA 138)
1 25258U 98016A   25027.15535495  .00000143  00000-0  00000+0 0  9996
2 25258  10.5161  25.6077 0009183 243.3844 310.8532  1.00371147 98502
TECHSAT-1B (GO-32)
1 25397U 98043D   25027.91911232  .00000267  00000-0  13573-3 0  9991
2 25397  98.9542   4.3881 0000774 177.3051 182.8131 14.24242623379408
ISS (ZARYA)
1 25544U 98067A   25028.39917553  .00015387  00000-0  27089-3 0  9992
2 25544  51.6373 279.4304 0002075 147.0180 213.0939 15.50641392493482
UFO 10 (USA 146)
1 25967U 99063A   25027.82055965 -.00000176  00000-0  00000-0 0  9997
2 25967   9.6042  29.6754 0006563 256.8544 113.4353  1.00269371 92289
PCSAT (NO-44)
1 26931U 01043C   25027.70410629  .00000506  00000-0  22075-3 0  9994
2 26931  67.0510 111.3630 0006168 262.4008  97.6393 14.31598926218242
PROBA-1
1 26958U 01049B   25028.42616806  .00006090  00000-0  42882-3 0  9996
2 26958  97.9386  16.0245 0059695  28.0833 332.3590 15.03974561267719
SAUDISAT-1C (SO-50)
1 27607U 02058C   25027.89095549  .00002597  00000-0  34944-3 0  9992
2 27607  64.5531 249.8909 0040174   8.4209 351.7561 14.80847389189781
CUTE-1 (CO-55)
1 27844U 03031E   25027.80099136  .00000835  00000-0  38400-3 0  9998
2 27844  98.6783  37.7869 0009159 207.3487 152.7210 14.23789021119740
CUBESAT XI-IV (CO-57)
1 27848U 03031J   25027.75887034  .00000708  00000-0  33270-3 0  9997
2 27848  98.6810  37.8483 0008774 225.4173 134.6290 14.23154052119470
MOZHAYETS-4 (RS-22)
1 27939U 03042A   25028.40020046  .00002863  00000-0  46753-3 0  9999
2 27939  98.3108 194.8148 0012598  70.0941  16.8074 14.71664697141386
UFO 11 (USA 174)
1 28117U 03057A   25027.48290514 -.00000091  00000-0  00000-0 0  9994
2 28117   8.4231  36.0183 0004103 258.3466  81.7772  1.00273284 77375
CUBESAT XI-V (CO-58)
1 28895U 05043F   25028.11136463  .00003765  00000-0  63487-3 0  9998
2 28895  98.2266 171.0597 0015068  10.4807 349.6710 14.70024806 27705
CAPE-1
1 31130U 07012P   25027.83316383  .00002715  00000-0  51795-3 0  9994
2 31130  98.3807 346.6527 0086203 206.8172 152.8560 14.62483610944417
CUTE-1.7+APD II (CO-65)
1 32785U 08021C   25027.88075124  .00009193  00000-0  70825-3 0  9994
2 32785  97.7657 358.4346 0008583 311.7626  48.2864 15.01836067909143
SEEDS-II (CO-66)
1 32791U 08021J   25027.92236688  .00019546  00000-0  11024-2 0  9998
2 32791  97.7152   5.6219 0001939 255.6485 104.4530 15.13208585910392
YUBILEINY (RS-30)
1 32953U 08025A   25028.41588930  .00000029  00000-0  13809-3 0  9997
2 32953  82.5058 309.3958 0019492 336.9888  23.0317 12.43157915757114
PRISM (HITOMI)
1 33493U 09002B   25028.19338003  .00121014  00000-0  21651-2 0  9993
2 33493  98.1668 105.0938 0006320 195.8360 164.2692 15.49529663873481
KKS-1 (KISEKI)
1 33499U 09002H   25028.46132012  .00003178  00000-0  41921-3 0  9994
2 33499  98.1279 298.7647 0009474 118.7982 241.4182 14.80774916861867
SWISSCUBE
1 35932U 09051B   25028.11408922  .00002734  00000-0  57120-3 0  9995
2 35932  98.4465 281.8107 0006981 353.2695   6.8409 14.60684001815410
BEESAT
1 35933U 09051C   25028.17615270  .00002321  00000-0  49172-3 0  9998
2 35933  98.4392 282.4552 0005680   8.7905 351.3393 14.60195046815520
ITUPSAT-1
1 35935U 09051E   25027.94860445  .00002135  00000-0  46444-3 0  9992
2 35935  98.4490 281.8679 0008066  13.3228 346.8183 14.59036362815052
PROBA-2
1 36037U 09059B   25028.21631133  .00000806  00000-0  19995-3 0  9999
2 36037  98.2320 213.9795 0014000  43.8758 316.3548 14.54387369808209
XIWANG-1 (HOPE-1)
1 36122U 09072B   25027.84588634 -.00000015  00000-0  74991-4 0  9995
2 36122 100.3302 346.5390 0007076 312.7300  47.3217 13.16417957726510
EWS-G2 (GOES-15)
1 36411U 10008A   25028.19458017  .00000048  00000-0  00000+0 0  9997
2 36411   0.0077 306.3201 0005536 323.5196 349.5148  1.00277225 54575
TISAT-1
1 36799U 10035E   25028.23440057  .00019157  00000-0  11361-2 0  9992
2 36799  98.0686 294.5025 0003538 160.9321 199.2040 15.11407036791146
HORYU-2
1 38340U 12025D   25027.25703959  .00006877  00000-0  79656-3 0  9998
2 38340  98.1685 138.1766 0009679  37.6166 322.5723 14.85783228673456
AAUSAT-3
1 39087U 13009B   25027.48577466  .00001747  00000-0  58187-3 0  9994
2 39087  98.3639 218.2646 0010893 292.9759  67.0279 14.38794176624429
STRAND-1
1 39090U 13009E   25027.44862815  .00000906  00000-0  32243-3 0  9990
2 39090  98.3781 215.6520 0007948 307.3306  52.7156 14.36605155624431
CUBEBUG-1 (CAPITAN BETO)
1 39153U 13018D   25028.25852414  .00008470  00000-0  84498-3 0  9997
2 39153  98.0977 164.7430 0013542  18.8098 341.3617 14.91736183635717
PROBA-V
1 39159U 13021A   25027.88559888  .00000230  00000-0  11929-3 0  9999
2 39159  98.3144  27.9575 0004492 157.9339 202.2034 14.23423852609225
ZACUBE-1 (TSHEPISOSAT)
1 39417U 13066B   25027.84850578  .00007271  00000-0  66855-3 0  9991
2 39417  97.7639 345.9211 0047542 133.3488 227.1709 14.94211974605072
TRITON-1
1 39427U 13066M   25028.35852191  .00005545  00000-0  72319-3 0  9996
2 39427  97.8422 305.5832 0098681  75.3807 285.8321 14.77533956599616
DELFI-N3XT
1 39428U 13066N   25027.72200547  .00011773  00000-0  12852-2 0  9994
2 39428  97.8386 307.1497 0092086  77.2748 283.8741 14.84957720599519
GOMX-1
1 39430U 13066Q   25028.38755674  .00005015  00000-0  79800-3 0  9995
2 39430  97.7010 255.0909 0133282 255.2102 103.4305 14.66637262596022
HUMSAT-D
1 39433U 13066T   25027.91984441  .00035392  00000-0  14588-2 0  9994
2 39433  97.4999  22.5132 0012055 217.6819 142.3575 15.23928545609975
VELOX-PII
1 39438U 13066Y   25028.06799001  .00006407  00000-0  67964-3 0  9994
2 39438  97.8150 337.5681 0057183 211.1635 148.6187 14.88205426603706
CUBEBUG-2 (LO-74)
1 39440U 13066AA  25027.75683833  .00007122  00000-0  75652-3 0  9995
2 39440  97.8364 333.5408 0062783 257.5929 101.8256 14.87868940602871
FUNCUBE-1 (AO-73)
1 39444U 13066AE  25027.86537478  .00011068  00000-0  90560-3 0  9993
2 39444  97.7483 349.8904 0043836 109.6779 250.9182 14.98740261603686
UWE-3
1 39446U 13066AG  25028.41370133  .00008194  00000-0  81615-3 0  9997
2 39446  97.8091 340.3968 0054913 195.1385 164.8193 14.90730886602791
UNISAT-6
1 40012U 14033C   25027.89625531  .00006152  00000-0  73885-3 0  9991
2 40012  97.7216 188.0668 0048485 291.1326  68.4709 14.83495251571112
DUCHIFAT-1
1 40021U 14033M   25027.42274166  .00026582  00000-0  12313-2 0  9991
2 40021  98.1001  31.0074 0012282  63.7331 296.5163 15.20013361578038
FUNCUBE-3 (EO-79)
1 40025U 14033R   25027.90827307  .00013128  00000-0  88488-3 0  9998
2 40025  98.0701   3.5822 0012932 135.9835 224.2423 15.06738429577147
SMAP
1 40376U 15003A   25027.91681686  .00001353  00000-0  27132-3 0  9990
2 40376  98.1294  37.1282 0001661  88.9661 271.1731 14.63314106533721
XW-2C
1 40906U 15049H   25028.35914706  .00396908  62234-4  12091-2 0  9991
2 40906  97.4410  62.2041 0004018 161.7026 198.4393 15.91976320519541
LILACSAT-2
1 40908U 15049K   25028.49408491  .00016555  00000-0  50035-3 0  9994
2 40908  97.5164  45.9985 0008297 274.7570  85.2725 15.34274640517944
LAPAN-A2 (IO-86)
1 40931U 15052B   25025.93518289  .00001895  00000-0  16605-3 0  9993
2 40931   5.9982 200.2908 0012808 359.8798   0.1327 14.78536532504580
LQSAT
1 40958U 15057A   25028.18721158  .00001457  00000-0  21964-3 0  9996
2 40958  97.6592  42.4983 0018785 109.8992 250.4244 14.75678636500787
PRATHAM
1 41783U 16059A   25027.50369582  .00001879  00000-0  34908-3 0  9990
2 41783  97.8277  42.3458 0032647  30.6706 329.6398 14.65951561445393
ALSAT-1N
1 41789U 16059G   25027.85994646  .00002319  00000-0  41227-3 0  9991
2 41789  97.8138  49.0514 0026699   5.7642 354.3865 14.67817614445839
CAS-2T & KS-1Q
1 41847U 16066G   25028.12259414  .00003373  00000-0  49231-3 0  9996
2 41847  98.4359 103.7124 0347992 218.8753 138.6940 14.42798388431913
GOES-16
1 41866U 16071A   25027.21368956 -.00000233  00000-0  00000-0 0  9995
2 41866   0.0500 256.5207 0001691  87.4949 144.4402  1.00271768 30034
FENGYUN-4A
1 41882U 16077A   25021.48357438 -.00000176  00000-0  00000-0 0  9991
2 41882   1.0146  85.6565 0011073 343.9543 311.7920  1.00265548 29796
FOX-1B (AO-91)
1 43017U 17073E   25028.11817694  .00017089  00000-0  93453-3 0  9999
2 43017  97.5484 262.3531 0183031 257.5200 100.5494 15.01065427389311
CANX-2
1 32790U 08021H   25027.88984164  .00007721  00000-0  63142-3 0  9992
2 32790  97.7951 356.9987 0011183 305.3199  54.6977 14.99584991908916
AIST-2 (RS-43)
1 39133U 13015D   25028.46353649  .00009866  00000-0  48460-3 0  9990
2 39133  64.8712  98.1329 0026437 299.2954  60.5530 15.18222063647504
NANOSATC-BR1
1 40024U 14033Q   25027.92583242  .00019641  00000-0  11187-2 0  9993
2 40024  98.0841  17.2155 0007090 119.0319 241.1622 15.12842702577114
QB50P1
1 40025U 14033R   25027.90827307  .00013128  00000-0  88488-3 0  9998
2 40025  98.0701   3.5822 0012932 135.9835 224.2423 15.06738429577147
QB50P2
1 40032U 14033Y   25027.83503078  .00012962  00000-0  91652-3 0  9996
2 40032  98.0289 353.5159 0011182  89.3972 270.8534 15.04972405576384
PERSEUS-M2
1 40037U 14033AD  25028.36573840  .00004290  00000-0  42050-3 0  9997
2 40037  97.9451 326.4916 0012932 164.5291 195.6326 14.92734094575896
PERSEUS-M1
1 40039U 14033AF  25027.34236036  .00003914  00000-0  38506-3 0  9992
2 40039  97.9208 320.8448 0012605 167.1875 192.9666 14.92639287575097
POLYITAN-1
1 40042U 14033AJ  25027.88851863  .00022219  00000-0  12711-2 0  9994
2 40042  98.0940   9.3651 0013243  93.6893 266.5851 15.12604051577194
TIGRISAT
1 40043U 14033AK  25027.89997928  .00004684  00000-0  58805-3 0  9990
2 40043  97.7143 187.6943 0051656 290.8668  68.7019 14.81671797570705
UKUBE-1
1 40074U 14037F   25028.40946221  .00016503  00000-0  12814-2 0  9998
2 40074  98.3772 339.6874 0002630  56.1568 303.9905 15.01423951572481
DEORBITSAIL
1 40719U 15032E   25028.17198436  .00013811  00000-0  13137-2 0  9999
2 40719  97.6594 250.9295 0013093 106.0919 254.1744 14.93487420515591
HORYU-IV
1 41340U 16012D   25028.17094923  .00029275  00000-0  10180-2 0  9991
2 41340  30.9988 297.0551 0005795 125.5997 234.5186 15.28515550492454
D-SAT
1 42794U 17036AF  25027.92862403  .00010654  00000-0  63811-3 0  9991
2 42794  97.5010   8.6837 0101558 102.4033 258.8583 15.06862905414522
CORVUS-BC2
1 42846U 17042X   25028.01958476  .00006213  00000-0  48683-3 0  9999
2 42846  97.3673 207.1681 0014306  28.9415 331.2600 15.01247193411137
CORVUS-BC1
1 42847U 17042Y   25028.22440220  .00006850  00000-0  53377-3 0  9999
2 42847  97.3695 207.7959 0013336   6.3050 353.8341 15.01434886411187
APRIZESAT-5 
1 37792U 11044E   25028.21298279  .00002176  00000-0  29282-3 0  9997
2 37792  98.2353 303.2630 0053712 186.0027 174.0546 14.79334800724222
APRIZESAT-6
1 37793U 11044F   25027.89189884  .00002103  00000-0  31192-3 0  9995
2 37793  98.2768 282.5791 0042833 260.7382 230.7603 14.75604987722590
APRIZESAT-7
1 39416U 13066A   25027.93687024  .00003011  00000-0  31923-3 0  9990
2 39416  97.7029 346.3803 0039065  85.6114 274.9565 14.89277974605966
APRIZESAT-8
1 39425U 13066K   25027.86548494  .00002443  00000-0  28154-3 0  9999
2 39425  97.7597 340.0468 0048531 146.3997 214.0312 14.85759340604586
BUGSAT-1 (TITA)
1 40014U 14033E   25027.86749044  .00006897  00000-0  43901-3 0  9998
2 40014  98.0953  87.2320 0033786  97.7083 262.7982 15.08658124579476
SAUDISAT-4
1 40016U 14033G   25027.87079478  .00001897  00000-0  26413-3 0  9992
2 40016  97.6857 189.0652 0044574 278.3740  81.2420 14.78253686571382
TABLETSAT-AURORA
1 40017U 14033H   25027.87352017  .00010122  00000-0  64869-3 0  9994
2 40017  98.0934  68.3238 0014751 131.5356 228.7138 15.08656984578798
APRIZESAT-9
1 40018U 14033J   25027.91503204  .00001473  00000-0  22867-3 0  9997
2 40018  97.8306 171.0749 0068223  25.9044 334.5553 14.73015284569140
APRIZESAT-10
1 40019U 14033K   25027.86869032  .00001549  00000-0  25438-3 0  9997
2 40019  97.8948 163.5067 0081542  87.6211 273.4328 14.69835562568179
AISAT
1 40054U 14034B   25027.19869266  .00013619  00000-0  12117-2 0  9992
2 40054  98.3093 261.1645 0010250 103.0992 257.1372 14.96169038571225
COSMOS-2407 [+]
1 28380U 04028A   25027.52585691  .00000122  00000-0  10878-3 0  9994
2 28380  82.9587  89.3089 0038295 225.1114 252.1286 13.76268519 30324
COSMOS-2414 [+]
1 28521U 05002A   25028.09355882  .00000156  00000-0  11764-3 0  9996
2 28521  82.9468  65.6622 0039374 331.5322  28.3690 13.87848569 14089
COSMOS-2463 [+]
1 36519U 10017A   25027.17226633  .00000101  00000-0  94751-4 0  9991
2 36519  82.9583 261.4897 0037435  93.9763  22.2818 13.71609238738569
NOAA-15
1 25338U 98030A   25028.49400474  .00000403  00000-0  18372-3 0  9991
2 25338  98.5496  56.7179 0010725  31.4480 328.7339 14.26868645389560
NOAA-18
1 28654U 05018A   25028.47060757  .00000424  00000-0  24855-3 0  9999
2 28654  98.8545 109.3901 0014896 142.1811 218.0411 14.13499801 15086
NOAA-19
1 33591U 09005A   25028.45560022  .00000384  00000-0  22908-3 0  9995
2 33591  99.0171  92.3206 0013949  20.9487 339.2254 14.13271143823444
SARAL
1 39086U 13009A   25028.40482031  .00000339  00000-0  14078-3 0  9996
2 39086  98.5499 216.4749 0001826  13.3635 346.7597 14.32644376623320
HODOYOSHI-1
1 40299U 14070B   25027.83014044  .00199142  00000-0  86658-3 0  9998
2 40299  97.0976  95.0692 0003401 275.6140  84.4743 15.84260025570159
LAPAN-A3
1 41603U 16040E   25028.51226161  .00006233  00000-0  22829-3 0  9996
2 41603  97.1385  38.4237 0012223  29.5681 330.6248 15.28288293477605
BIROS
1 41604U 16040F   25027.89515058  .00036577  00000-0  61821-3 0  9992
2 41604  97.1028  57.4680 0005230 322.8955  37.1936 15.51503521478857
METOP-A
1 29499U 06044A   25027.90013743  .00005008  00000-0  60869-3 0  9995
2 29499  98.3378 115.0176 0181170 237.1934 264.6725 14.72961185950988
METEOR M1
1 35865U 09049A   25027.89355518  .00000326  00000-0  16442-3 0  9990
2 35865  98.6669 351.1680 0002068   1.7034 358.4151 14.22937477797521
METOP-B
1 38771U 12049A   25028.41643623  .00000311  00000-0  16173-3 0  9994
2 38771  98.5988  86.2277 0001478  66.5067 293.6266 14.21420133641542
METEOR M2
1 40069U 14037A   25028.40881671  .00000368  00000-0  18838-3 0  9994
2 40069  98.4560  18.8197 0006847  68.0890 292.1015 14.21203118547619
CSSWE
1 38761U 12048D   25028.19899895  .00032160  00000-0  13060-2 0  9999
2 38761  64.6676 328.5031 0120008 309.1712  49.8798 15.17997712 39093
MCUBED-2
1 39469U 13072H   25028.05301558  .00022528  00000-0  11893-2 0  9991
2 39469 120.4946 224.9874 0183062 188.8132 170.9693 15.02252041 41525
IPEX
1 39471U 13072K   25028.27219679  .00023109  00000-0  13722-2 0  9999
2 39471 120.4675 196.4575 0197153 182.5941 177.4105 14.96466145 39355
FOX-1A (AO-85)
1 40967U 15058D   25028.26802650  .00008483  00000-0  73133-3 0  9994
2 40967  64.7764  43.3393 0179152 236.6728 121.7120 14.86264145 38394
OOREOS
1 37224U 10062C   25027.44359223  .00004992  00000-0  51987-3 0  9992
2 37224  71.9726 143.0985 0017075 305.8875  54.0708 14.90160872 41207
STARS (KUKAI)
1 33498U 09002G   25027.83992586  .00007412  00000-0  77716-3 0  9999
2 33498  98.1215 313.1696 0010423  40.9829 319.2169 14.89813872863072
YUBELEINY-2 (RS-40)
1 38735U 12041C   25027.81328418  .00000041  00000-0  22778-3 0  9999
2 38735  82.4752  29.8077 0018609  89.6904 270.6308 12.42625050567077
AIST-1
1 39492U 13078C   25028.36069488  .00003710  00000-0  34836-3 0  9995
2 39492  82.4146  39.0666 0018216 161.7799 198.4078 14.93585409602151
VELOX-1
1 40057U 14034E   25028.40577042  .00008936  00000-0  91166-3 0  9996
2 40057  98.3133 260.8659 0009259 123.0581 237.1526 14.90867036571201
DX1
1 40071U 14037C   25028.46562643  .00004092  00000-0  46162-3 0  9997
2 40071  98.3380 317.5343 0008963 109.2375 250.9810 14.87146214571099
AAUSAT CUBESAT 2
1 32788U 08021F   25027.93761667  .00088315  00000-0  18948-2 0  9997
2 32788  97.6049  18.7697 0007527  96.7763 263.4342 15.44369670912755
COSMOS-2491 (RS-46) [i]
1 39497U 13076E   25028.38508871  .00000011  00000-0  91290-5 0  9994
2 39497  82.4867 123.1288 0014091 112.3380 247.9195 12.43485477503276
COSMOS-2499 (RS-47) [i]
1 39765U 14028E   25028.38313601  .00000057  00000-0  16425-3 0  9990
2 39765  82.4459 233.0441 0232448 106.7483 255.9264 12.82885670500514
TRANSIT 5B-5
1   965U 64083D   25028.00550873  .00000114  00000-0  14699-3 0  9994
2   965  90.0521 199.4989 0040015 317.2248 159.9744 13.56941792975664
EUTELSAT 1-F4 (ECS 4)
1 18351U 87078B   25028.24632669 -.00000175  00000-0  00000+0 0  9996
2 18351  14.1887 345.6740 0009666  18.0187 162.7925  0.98689345121750
BISONSAT
1 40968U 15058E   25027.72480626  .00009671  00000-0  78297-3 0  9996
2 40968  64.7767  35.0810 0170697 235.8724 122.6097 14.89447075 41195
DTUSAT-2
1 40030U 14033W   25027.87380585  .00011102  00000-0  78761-3 0  9995
2 40030  98.0389 353.7236 0011220 139.1849 221.0218 15.04890865576411
ELEKTRO-L2
1 41105U 15074A   25028.43677801 -.00000108  00000-0  00000+0 0  9990
2 41105   5.4146  76.7483 0003594 212.2470 341.7046  1.00270910 33457
DOVE-3
1 39429U 13066P   25028.20627657  .00007380  00000-0  10569-2 0  9996
2 39429  97.7315 268.2611 0121386 217.1721 142.1038 14.71879463596817
FORTE
1 24920U 97047A   25028.12204897  .00000608  00000-0  26949-3 0  9991
2 24920  69.9529  74.5125 0025258 249.5690 110.2719 14.27552802426863
DMSP 5D-2 F15/USA-147
1 25991U 99067A   25027.94605458  .00000399  00000-0  22048-3 0  9994
2 25991  99.0528  53.6154 0009849   4.5975  56.8071 14.17277957299079
CASSIOPE-1
1 39265U 13055A   25027.90319035  .00036890  00000-0  65256-3 0  9998
2 39265  80.9488 302.4073 0427140 280.3318  75.0018 14.88180421591571
D-STAR ONE PHOENIX
1 43188U 18014J   25027.23837537  .00007991  00000-0  50277-3 0  9992
2 43188  97.5766 291.7236 0009226 328.7124  31.3555 15.09436006382247
S-NET D
1 43186U 18014G   25027.70161863  .00008197  00000-0  51566-3 0  9995
2 43186  97.5751 292.0828 0008724 331.5535  28.5217 15.09439784382317
TEN-KOH
1 43677U 18084G   25028.18130000  .00005567  00000-0  46170-3 0  9992
2 43677  98.0809 195.2308 0012748 348.1513  11.9407 14.99184556340391
STARS-AO
1 43679U 18084J   25027.74501917  .00010830  00000-0  70404-3 0  9990
2 43679  98.0685 207.6508 0003772  79.1793 280.9858 15.08193479341049
KAIDUN-1
1 41915U 17002C   25028.35489016  .00046694  00000-0  95792-3 0  9997
2 41915  97.1771  57.2623 0006048 126.5151 233.6657 15.45882447445450
CAS-4B (ZHUHAI-1 02)
1 42759U 17034B   25028.40700177  .00050769  00000-0  10226-2 0  9995
2 42759  43.0132  19.0038 0014442  89.8098 270.4416 15.45697134422030
CAS-4A (ZHUHAI-1 01)
1 42761U 17034D   25028.37713473  .00050883  00000-0  10102-2 0  9997
2 42761  43.0168  17.1856 0015613  97.0741 263.1894 15.46097241422040
EAGLESAT-1
1 43018U 17073F   25027.85536391  .00051926  00000-0  15412-2 0  9998
2 43018  97.5631 278.0708 0121606 207.2919 152.1897 15.27541724390123
LUOJIA-1 01
1 43485U 18048B   25028.44347818  .00005312  00000-0  64331-3 0  9992
2 43485  97.8558 109.5042 0009230 344.7461  15.3474 14.84029963359245
DIWATA-2B (PO-101)
1 43678U 18084H   25028.38165573  .00002656  00000-0  23503-3 0  9999
2 43678  98.0894 199.6354 0009140  11.1674 348.9748 14.97182825340590
ESHAIL-2
1 43700U 18090A   25027.83002962  .00000157  00000-0  00000-0 0  9991
2 43700   0.0178  75.7508 0000869 240.6790 135.5017  1.00269556 22612
K2SAT
1 43761U 18099D   25028.18131988  .00004158  00000-0  31305-3 0  9997
2 43761  97.4903  81.4563 0010660 269.6722  90.3282 15.02994641336152
AISTECHSAT-2
1 43768U 18099L   25027.86480096  .00009040  00000-0  59260-3 0  9990
2 43768  97.5053  82.2215 0004122 232.6101 127.4752 15.07913102335922
SNUSAT-2
1 43782U 18099AA  25028.14442787  .00011759  00000-0  70156-3 0  9990
2 43782  97.4830  85.6744 0011467 249.4960 110.5040 15.11240422336470
ITASAT-1
1 43786U 18099AE  25027.16127183  .00010537  00000-0  65031-3 0  9994
2 43786  97.4798  84.5700 0014290 310.0401  49.9574 15.10007054336309
IRVINE02
1 43789U 18099AH  25028.11886511  .00036661  00000-0  14003-2 0  9998
2 43789  97.4879  94.7966 0010575 251.9018 108.1069 15.26485643336722
EAGLET-1
1 43790U 18099AJ  25028.12144355  .00007100  00000-0  47667-3 0  9993
2 43790  97.4975  85.8189 0011348 285.4163  74.5811 15.07061324336109
ESEO
1 43792U 18099AL  25027.18040596  .00002629  00000-0  20660-3 0  9997
2 43792  97.4680  79.8691 0008472 242.0217 118.0151 15.01685277335796
CSIM-FD
1 43793U 18099AM  25027.19549683  .00065344  00000-0  16798-2 0  9999
2 43793  97.5054  98.9093 0007531 244.0564 115.9906 15.39016303336922
HIBER-2
1 43774U 18099S   25028.10088844  .00038107  00000-0  14560-2 0  9999
2 43774  97.5114  95.4571 0006082 244.6252 115.4357 15.26501252336890
MINXSS-2
1 43758U 18099A   25028.18454438  .00023798  00000-0  11244-2 0  9991
2 43758  97.5232  94.2522 0012399 260.5076  99.4757 15.19344425336822
FOX-1CLIFF (AO-95)
1 43770U 18099N   25027.79629906  .00013803  00000-0  77896-3 0  9997
2 43770  97.5140  87.5653 0010821 317.4718  42.5674 15.13214411336447
MOVE-II
1 43780U 18099Y   25028.18474311  .00067079  00000-0  17091-2 0  9994
2 43780  97.4882  97.9859 0003798 267.2684  92.8127 15.39302164337232
CORVUS-BC4
1 43767U 18099K   25028.12208722  .00007453  00000-0  51060-3 0  9999
2 43767  97.4817  80.6917 0008014 304.0111  56.0355 15.06317218336201
CZ-4B R/B
1 43656U 18081B   25028.40386419  .00000627  00000-0  20540-3 0  9993
2 43656  99.4167 260.2587 0204770 279.8803  77.9318 14.31530850327073
COSMOS 2504 [i]
1 40555U 15020D   25028.41072617  .00000726  00000-0  26637-3 0  9994
2 40555  82.5149 261.2795 0609217 205.8519 151.0995 13.60866148481520
MERIDIAN-4
1 37398U 11018A   25027.36943343 -.00000121  00000-0  00000+0 0  9996
2 37398  62.1761 153.8089 7285639 259.6622  18.5154  2.00705663100623
MERIDIAN-6
1 38995U 12063A   25026.17074462  .00000210  00000-0  00000-0 0  9995
2 38995  64.8623  63.8933 7200190 233.2729  37.4322  2.00524997 89336
MERIDIAN-7
1 40296U 14069A   25024.71934740  .00000184  00000-0  00000+0 0  9991
2 40296  63.5062 268.9614 6903063 272.9353  16.7911  2.00592142 75023
METOP-C
1 43689U 18087A   25028.45524938  .00000313  00000-0  16319-3 0  9991
2 43689  98.6942  90.7456 0001988 139.8242 220.3083 14.21490987323120
FENGYUN-3B
1 37214U 10059A   25028.41588032  .00000238  00000-0  14736-3 0  9997
2 37214  99.0323  65.4080 0022308 173.6987 244.6056 14.14669046736097
FENGYUN-3C
1 39260U 13052A   25028.47331577  .00000276  00000-0  16196-3 0  9996
2 39260  98.4441  22.2799 0015455  40.5077 319.7245 14.15548834587224
EWS-G1 (GOES-13)
1 29155U 06018A   25028.15279065 -.00000001  00000-0  00000+0 0  9990
2 29155   3.2137  82.6163 0065605 259.5700  50.8035  0.98830891 68388
FENGYUN-2H
1 43491U 18050A   25027.76936062 -.00000116  00000-0  00000-0 0  9999
2 43491   1.7246  85.1294 0000927 199.1500 199.1936  1.00269251 24375
FENGYUN-2G
1 40367U 14090A   25028.10327216 -.00000292  00000-0  00000+0 0  9996
2 40367   4.3524  78.9555 0001163 119.6782  65.5277  1.00279422 36978
INMARSAT 4-F1
1 28628U 05009A   25027.58347925  .00000045  00000-0  00000-0 0  9998
2 28628   4.5231  41.9061 0002013 283.2185 190.1149  1.00271791 72607
INMARSAT 4-F2
1 28899U 05044A   25027.49638203 -.00000248  00000-0  00000-0 0  9995
2 28899   4.4466  43.2029 0002282 274.4180 131.5722  1.00271594 70458
INMARSAT 4-F3
1 33278U 08039A   25027.39632549 -.00000126  00000-0  00000-0 0  9990
2 33278   3.8765  29.0919 0002909 279.6748 222.8059  1.00272262 41473
INMARSAT 4A-F4 (ALPHASAT)
1 39215U 13038A   25027.18699944  .00000149  00000-0  00000-0 0  9995
2 39215   2.9181   5.5634 0001623 307.1615 266.1623  1.00270151 38948
ASTROCAST
1 43798U 18099AS  25028.11113482  .00022772  00000-0  98522-3 0  9995
2 43798  97.5054  95.3761 0007893 216.3735 143.6966 15.22419428336979
JY1SAT (JO-97)
1 43803U 18099AX  25028.20893718  .00017158  00000-0  89583-3 0  9998
2 43803  97.4887  88.7643 0007020 243.3593 116.6921 15.15964004336684
SUOMI-100
1 43804U 18099AY  25028.10632684  .00016422  00000-0  89949-3 0  9990
2 43804  97.4955  88.2645 0012342 246.8338 113.1594 15.14228223336623
GEO-KOMPSAT-2A
1 43823U 18100A   25028.04493781 -.00000331  00000-0  00000+0 0  9990
2 43823   0.0138 106.1277 0000999 303.5127 222.3315  1.00270555 22597
LADYBIRD-1
1 43836U 18102F   25021.33289307  .18295486  18183-2  60627-3 0  9991
2 43836  97.3870 115.3241 0009265 285.6082  74.4198 16.46737163339248
UWE-4
1 43880U 18111E   25027.69435322  .00022216  00000-0  10408-2 0  9993
2 43880  97.5991 299.0921 0012535 323.0870  36.9501 15.19651491331403
D-STAR ONE SPARROW
1 43881U 18111F   25028.20254419  .00028008  00000-0  11888-2 0  9996
2 43881  97.6178 302.7801 0007966 359.7986   0.3245 15.23026440331581
METEOR M2-2
1 44387U 19038A   25028.41709920  .00000338  00000-0  16654-3 0  9995
2 44387  98.8585   4.9159 0002079  58.1794 301.9587 14.24127524289443
MOMENTUS-X1
1 44408U 19038Y   25027.99304045  .00023133  00000-0  63285-3 0  9990
2 44408  97.7224  33.3807 0016074  51.5040 308.7642 15.37236562308292
MERIDIAN-8
1 44453U 19046A   25027.27897881  .00000151  00000-0  00000+0 0  9992
2 44453  62.7601 112.5542 6867566 273.6023  16.7324  2.00596865 40278
TAURUS-1
1 44530U 19059C   25028.37245729  .00013581  00000-0  26861-2 0  9999
2 44530  98.5899 161.9433 0009641  84.4342 275.7957 14.62441211284594
GAOFEN 12-01
1 44819U 19082A   25028.05723140  .00001183  00000-0  16232-3 0  9995
2 44819  97.8184  42.6400 0001883 170.3189 189.8059 14.80216784279357
DUCHIFAT-3
1 44854U 19089C   25028.39780873  .00043696  00000-0  13525-2 0  9990
2 44854  36.9492 106.8815 0009971 178.3340 181.7447 15.32480086282563
CAS-6 (TO-108)
1 44881U 19093C   25028.39030217  .00002035  00000-0  24424-3 0  9998
2 44881  97.8071 106.7743 0012888 309.1134  50.8935 14.85056207276457
ELEKTRO-L3
1 44903U 19095A   25027.86854962 -.00000084  00000-0  00000-0 0  9991
2 44903   0.0696 266.7390 0001631  42.8428 206.5116  1.00271017 18644
DOSAAF-85 (RS-44)
1 44909U 19096E   25027.88137775  .00000007  00000-0 -10443-4 0  9997
2 44909  82.5248 315.4647 0216375 245.7926 112.0426 12.79737938237718
MERIDIAN-9
1 45254U 20015A   25028.00634118 -.00000086  00000-0  00000+0 0  9992
2 45254  65.0781  14.6299 6958338 285.8166  12.3271  2.00623588 36175
ION-MK01
1 46274U 20061C   25028.14096026  .00030176  00000-0  69844-3 0  9998
2 46274  97.2675  95.5990 0003525  20.2260 339.9127 15.42407633244509
UPMSAT-2
1 46276U 20061E   25028.18561918  .00050104  00000-0  85870-3 0  9991
2 46276  97.2665  99.8189 0001266  62.4835 297.6546 15.51058783244832
AMICAL-SAT (RS17S)
1 46287U 20061R   25010.85863821  .11283921  24654-5  56408-3 0  9994
2 46287  97.2840  89.8720 0009935 281.1985  78.8199 16.41970930241877
YARILO-1
1 46490U 20068E   25028.42429918  .00204038  00000-0  15019-2 0  9990
2 46490  97.8240  18.6155 0006826 147.7778 212.3902 15.72424902239610
YARILO-2
1 46491U 20068F   25028.36169588  .00754494  23804-3  22218-2 0  9993
2 46491  97.7968  19.1841 0010061 135.7608 224.4471 15.92583968239659
LACUNASAT-3
1 46492U 20068G   25028.41790678  .01645467  19833-2  19412-2 0  9998
2 46492  97.7919  21.3991 0009383 140.4064 219.7905 16.09012045239786
DEKART
1 46493U 20068H   25027.87393537  .00016799  00000-0  71999-3 0  9993
2 46493  97.8439   2.4120 0010508 258.3178 101.6878 15.22792032238495
NORBY
1 46494U 20068J   25027.91838885  .00019444  00000-0  75215-3 0  9994
2 46494  97.8430   4.2207 0009297 250.7014 109.3218 15.26218993238611
SALSAT (TUBSAT 22)
1 46495U 20068K   25027.87830504  .00012351  00000-0  58558-3 0  9991
2 46495  97.8451   0.2149 0010287 260.3296  99.6775 15.19404611238352
NETSAT-4
1 46504U 20068U   25027.38405055  .00019160  00000-0  78096-3 0  9991
2 46504  97.8320 358.3777 0006486 320.0564  40.0195 15.24491098238212
NETSAT-3
1 46505U 20068V   25027.40037253  .00018062  00000-0  75695-3 0  9998
2 46505  97.8308 357.6078 0006392 332.3103  27.7792 15.23566237238195
NETSAT-1
1 46506U 20068W   25027.87859263  .00014371  00000-0  66754-3 0  9998
2 46506  97.8331 356.7734 0006311 346.6009  13.5056 15.20101912238171
NETSAT-2
1 46507U 20068X   25028.13521088  .00021058  00000-0  86247-3 0  9999
2 46507  97.8313 358.7219 0005474 352.7262   7.3894 15.24312473238272
ARKTIKA-M1
1 47719U 21016A   25024.07332045  .00000076  00000-0  00000-0 0  9998
2 47719  63.1319 125.7466 7035103 268.4806  17.2383  2.00620033 28579
SIMBA
1 47941U 21022K   25028.45495758  .00036434  00000-0  10624-2 0  9991
2 47941  97.4387 290.8859 0014245  70.7438 289.5345 15.35171453212850
HIBER-3
1 47942U 21022L   25028.27378042  .03115913  24280-5  19215-2 0  9997
2 47942  97.4100 302.7331 0007710 125.0983 235.1028 16.17985069213651
UNISAT-7
1 47945U 21022P   25028.43191119  .00015906  00000-0  63676-3 0  9994
2 47945  97.4378 287.6182 0014418  73.6741 286.6081 15.25050005212547
NANOSAT-C BR2
1 47950U 21022U   25011.65862565  .12551743  26866-5  93983-3 0  9990
2 47950  97.3964 286.0308 0005868 140.3436 219.8294 16.40668719211119
CUBESX-SIRIUS-HSE
1 47951U 21022V   25028.41292530  .00078142  00000-0  14026-2 0  9993
2 47951  97.4376 295.1285 0011631  61.0600 299.1816 15.49555049213134
CUBESX-HSE (RS13S)
1 47952U 21022W   25028.46262831  .00081688  00000-0  14462-2 0  9993
2 47952  97.4367 295.3474 0011664  60.1668 300.0741 15.49932655213150
KSU-CUBESAT
1 47954U 21022Y   25027.96154148  .00176237  00000-0  17527-2 0  9990
2 47954  97.4355 298.4149 0010048  63.6211 296.6079 15.65104182213023
CHALLENGEONE
1 47956U 21022AA  25028.25895171  .00100249  00000-0  14771-2 0  9991
2 47956  97.4355 296.1948 0011532  60.3665 299.8736 15.54990234212970
GRBALPHA
1 47959U 21022AD  25028.42289847  .00076390  00000-0  13588-2 0  9994
2 47959  97.4366 295.4711 0011610  61.1499 299.0916 15.49820261211973
ORBICRAFT-ZORKIY (RS15S)
1 47960U 21022AE  25028.46563973  .00103135  00000-0  13258-2 0  9997
2 47960  97.4363 298.3265 0010476  59.2511 300.9775 15.58678603212821
CSS (TIANHE-1)
1 48274U 21035A   25028.38225816  .00017364  00000-0  22583-3 0  9992
2 48274  41.4652 151.5044 0003141  15.3872 344.7060 15.58369283214308
FENGYUN-4B
1 48808U 21047A   25027.88243854 -.00000317  00000-0  00000-0 0  9992
2 48808   0.1016  80.1629 0012077 356.8413 112.6541  1.00273003 13506
TUBIN
1 48900U 21059X   25028.48275426  .00043674  00000-0  88409-3 0  9999
2 48900  97.6633 188.5262 0005309   5.7124 354.4184 15.46294983199532
BRO-4
1 49066U 21073A   25028.41211312  .00635362  16421-3  19099-2 0  9992
2 49066  97.4221 117.6152 0005364 229.1834 130.8975 15.92238302191652
LEDSAT
1 49069U 21073D   25028.46430770  .00051137  00000-0  11678-2 0  9991
2 49069  97.4083 106.2739 0013093 198.3102 161.7676 15.42613634190952
CUTE-LASP
1 49263U 21088D   25028.13120803  .00052640  00000-0  13334-2 0  9991
2 49263  97.4689 101.0837 0009415  10.1610 349.9823 15.39512202183995
HEAD-2F
1 49322U 21091H   25028.49877755  .00087534  00000-0  92160-3 0  9990
2 49322  97.4156 237.1456 0006663 342.7218  17.3813 15.63977441183686
JILIN-01 GAOFEN 2F
1 49338U 21097A   25028.44638738  .00022619  10631-6  79682-3 0  9998
2 49338  97.5942 152.2190 0006829 320.8345  39.2400 15.29311445179566
TEIKYOSAT-4 (OORURI)
1 49396U 21102B   25028.16881570  .00003748  00000-0  25655-3 0  9998
2 49396  97.4309  71.3152 0011483 221.5357 138.4999 15.06628942176602
Z-SAT
1 49399U 21102E   25028.39490052  .00008003  00000-0  46177-3 0  9998
2 49399  97.4016  73.8898 0018232 197.7206 162.3391 15.12470869176983
KOSEN-1
1 49402U 21102H   25028.05984861  .00011654  00000-0  58559-3 0  9995
2 49402  97.3932  76.0708 0016812 176.7968 183.3376 15.17297810177179
CAMSAT XW-3 (CAS-9)
1 50466U 21131B   25028.38529919  .00001425  00000-0  46172-3 0  9997
2 50466  98.5159 118.4118 0004554 160.5588 199.5775 14.40488862162417
SICH-2-1 (SICH-2-30)
1 51030U 22002AY  25028.44694735  .00049725  00000-0  97566-3 0  9997
2 51030  97.3569 101.5160 0004310 313.3728  46.7163 15.47177829168989
IRIS-A
1 51044U 22002BN  25028.17593225  .00075284  00000-0  11192-2 0  9993
2 51044  97.3499 102.6528 0003733 308.2191  51.8727 15.54906668169074
VZLUSAT-2
1 51085U 22002DF  25028.13838150  .00041643  00000-0  93663-3 0  9999
2 51085  97.3558  98.5425 0006957 332.9909  27.0976 15.43180981168762
INSPIRESAT-1
1 51657U 22013B   25028.06473066  .00022664  00000-0  61991-3 0  9990
2 51657  97.5100  54.0539 0008825  89.3777 270.8478 15.37335159163972
GOES-18
1 51850U 22021A   25028.41646799  .00000108  00000-0  00000+0 0  9997
2 51850   0.0046 114.2207 0000461 275.5393 111.0698  1.00270907 10747
MERIDIAN-10
1 52145U 22030A   25026.00803248  .00000252  00000-0  00000-0 0  9993
2 52145  62.6582 194.1682 6764030 273.6194  17.5109  2.00598770 20853
BRO-7
1 52174U 22033T   25028.40888604  .00048572  00000-0  60382-3 0  9992
2 52174  97.3078 121.2877 0006679 169.4109 190.7290 15.59812470158241
BRO-6
1 52422U 22047AE  25028.03888144  .00016307  00000-0  53924-3 0  9996
2 52422  97.3772 111.6464 0007098  91.0730 269.1325 15.31405343153421
CONNECTA-T1
1 52739U 22057H   25028.29108814  .00041034  00000-0  10054-2 0  9996
2 52739  97.5956 161.3852 0006168  87.0440 273.1512 15.40612382148678
PLATFORM-1
1 52770U 22057AQ  25027.91981833  .00027965  00000-0  65373-3 0  9991
2 52770  97.5925 164.4674 0008173  56.3007 303.9018 15.42100796148880
STEP CUBELAB-II
1 52897U 22065D   25028.20552106  .00002344  00000-0  47891-3 0  9999
2 52897  98.1473 171.3452 0009072 160.6855 199.4692 14.61785242137682
RANDEV
1 52898U 22065E   25028.25544241  .00002486  00000-0  50416-3 0  9990
2 52898  98.1464 171.5488 0008320 161.5577 198.5928 14.62061828137422
SNUGLITE-II
1 52899U 22065F   25028.27821628  .00002835  00000-0  56792-3 0  9991
2 52899  98.1454 171.7660 0007878 161.3002 198.8490 14.62517996137142
MIMAN
1 52900U 22065G   25027.95014049  .00001748  00000-0  36772-3 0  9997
2 52900  98.1494 170.5457 0008022 158.1846 201.9697 14.60747370136640
GREENCUBE (IO-117)
1 53106U 22080B   25027.56054429 -.00000003  00000-0  00000+0 0  9991
2 53106  70.1423 114.5706 0008128  54.9517 305.1905  6.42557612 59687
ROBUSTA 1F (MTCUBE-2)
1 53109U 22080E   25028.14443740 -.00000003  00000-0  00000+0 0  9997
2 53109  70.1268 113.9009 0008380  37.8161 322.3086  6.42584027 59615
BLUEWALKER-3
1 53807U 22111AL  25027.54025092  .00006389  00000-0  21533-3 0  9996
2 53807  53.2316 235.3303 0008999  68.8497 291.3467 15.32008648132556
CAMSAT CAS-5A (FO-118)
1 54684U 22167C   25028.41454370  .00250449  00000-0  17601-2 0  9991
2 54684  97.6095 190.1804 0004737 358.1452   1.9793 15.73403075119080
ELEKTRO-L4
1 55506U 23016A   25027.18736464 -.00000043  00000-0  00000-0 0  9996
2 55506   0.0580 123.7727 0001022 168.6149  67.5843  1.00270720  7251
BDSAT-2
1 55098U 23001CT  25027.17019895  .00468468  00000-0  16407-2 0  9995
2 55098  97.3808 103.0118 0002642 352.7779   7.3455 15.88131392115565
SHARJAHSAT-1
1 55104U 23001CZ  25028.38403145  .00019894  00000-0  68933-3 0  9999
2 55104  97.3936  90.3498 0009970 116.9314 243.2946 15.29824502114854
EOS-07
1 55562U 23019A   24363.45300977  .04873498  38898-5  83598-3 0  9991
2 55562  37.1672  46.7039 0002842 101.5126 258.5981 16.31915089106730
KILICSAT
1 56181U 23054D   25028.38039777  .02817704  23971-5  13262-2 0  9998
2 56181  97.3203 298.7568 0006011 123.9876 236.1985 16.21571567101182
METEOR M2-3
1 57166U 23091A   25028.39362359  .00000096  00000-0  60859-4 0  9994
2 57166  98.6826  86.6920 0003904 181.7454 178.3711 14.23972691 82678
STRATOSAT-TK1 (RS52S)
1 57167U 23091B   25028.43089829  .00039723  00000-0  14588-2 0  9993
2 57167  97.5775  88.7144 0012029  59.4381 300.8043 15.27752571 87751
RESHUCUBE-2 (RS37S)
1 57168U 23091C   25028.38077640  .00013638  00000-0  72854-3 0  9994
2 57168  97.5792  85.2417 0015792  69.9942 290.2988 15.15118814 87523
RASSVET 1-1
1 57169U 23091D   25027.91052232  .00010940  00000-0  60175-3 0  9999
2 57169  97.5842  84.8408 0013760  62.7579 297.5053 15.14161654 87448
RASSVET 1-2
1 57170U 23091E   25027.91063446  .00010893  00000-0  59945-3 0  9990
2 57170  97.5848  84.8826 0012345  55.3739 304.8655 15.14160674 87445
RASSVET 1-3
1 57171U 23091F   25028.24072201  .00011454  00000-0  62938-3 0  9997
2 57171  97.5843  85.1869 0014736  71.0305 289.2522 15.14173238 87496
UMKA-1 (RS40S)
1 57172U 23091G   25028.24113423  .00010290  00000-0  58838-3 0  9991
2 57172  97.5803  84.3969 0016506  72.6256 287.6778 15.12751474 87457
SATURN (RS43S)
1 57174U 23091J   25028.43329321  .00005833  00000-0  37128-3 0  9996
2 57174  97.5814  83.1257 0016075  84.7094 275.5969 15.09055410 87386
CUBEBEL-2 (EU11S)
1 57175U 23091K   25028.49208429  .00015350  00000-0  81419-3 0  9995
2 57175  97.5806  85.1270 0014574  81.2020 279.0862 15.15360595 87525
SITRO-AIS-5 (ANOKHIN)
1 57176U 23091L   25028.38585421  .00014687  00000-0  76935-3 0  9993
2 57176  97.5808  85.3412 0016576  70.2893 290.0125 15.15784286 87520
ZORKIY-2M
1 57177U 23091M   25028.42021050  .00008922  00000-0  51201-3 0  9996
2 57177  97.5838  84.7569 0017233  68.3471 291.9593 15.12655630 87482
CUBESX-HSE-3 (RS42S)
1 57178U 23091N   25028.23119362  .00016117  00000-0  82615-3 0  9998
2 57178  97.5837  85.7538 0016034  64.5714 295.7176 15.16536325 87522
PHI-DEMO
1 57181U 23091R   25028.23479970  .00006807  00000-0  42614-3 0  9996
2 57181  97.5814  83.2201 0018206  77.0393 283.2868 15.09571876 87371
MONITOR-3 (RS58S)
1 57180U 23091Q   25028.39770837  .00013037  00000-0  69124-3 0  9996
2 57180  97.5831  85.4856 0016645  65.4127 294.8838 15.15384090 87529
NORBY-2
1 57179U 23091P   25028.40837494  .00007458  00000-0  45354-3 0  9998
2 57179  97.5854  84.0503 0018386  69.1320 291.1876 15.10598769 87422
MONITOR-4 (RS57S)
1 57182U 23091S   25028.39759614  .00013440  00000-0  71197-3 0  9999
2 57182  97.5826  85.4446 0016674  66.0582 294.2394 15.15407192 87524
MONITOR-2 (RS39S)
1 57184U 23091U   25028.23837739  .00009217  00000-0  53669-3 0  9990
2 57184  97.5833  84.7811 0014229  63.3693 296.8993 15.12159995 87467
SVYATOBOR-1 (RS60S)
1 57187U 23091X   25028.43354436  .00013606  00000-0  71815-3 0  9993
2 57187  97.5834  86.2181 0013136  57.7695 302.4809 15.15580442 87573
VIZARD-METEO (RS38S)
1 57189U 23091Z   25028.39440678  .00017031  00000-0  81910-3 0  9997
2 57189  97.5823  87.2853 0011683  53.7577 306.4735 15.18808470 87647
NANOZOND-1 (RS49S)
1 57190U 23091AA  25028.44521760  .00032956  00000-0  12696-2 0  9994
2 57190  97.5785  89.3175 0009103  52.6465 307.5601 15.26238941 87793
SITRO-AIS-6 (CHIRKIN)
1 57192U 23091AC  25028.23492986  .00014973  00000-0  78569-3 0  9991
2 57192  97.5808  85.2185 0016447  70.4475 289.8532 15.15722277 87507
SITRO-AIS-8 (SHCHUKIN)
1 57193U 23091AD  25028.37925371  .00016497  00000-0  84133-3 0  9993
2 57193  97.5803  85.6281 0015972  70.2799 290.0155 15.16710801 87543
SITRO-AIS-7 (SHEFFER)
1 57194U 23091AE  25028.38202133  .00015170  00000-0  79674-3 0  9990
2 57194  97.5804  85.3209 0016324  70.6630 289.6366 15.15688515 87523
AVION KALUGA 650
1 57195U 23091AF  25028.43522767  .00010111  00000-0  57810-3 0  9993
2 57195  97.5845  85.3811 0013452  63.2130 297.0475 15.12800516 87517
YARILO 3
1 57198U 23091AJ  25028.39103998  .00114477  00000-0  23553-2 0  9998
2 57198  97.5787  93.4800 0006021  36.2689 323.8967 15.45511033 88037
SITRO-AIS-10 (KATYS)
1 57199U 23091AK  25028.49044885  .00018660  00000-0  88258-3 0  9990
2 57199  97.5819  87.4303 0011507  57.6449 302.5898 15.19369586 87661
SITRO-AIS-9 (BURDAEV)
1 57201U 23091AM  25028.42980722  .00019297  00000-0  91536-3 0  9996
2 57201  97.5814  87.3202 0011459  57.9686 302.2660 15.19261543 87656
UTMN-2 (RS27S)
1 57203U 23091AP  25028.43708197  .00016178  00000-0  80540-3 0  9991
2 57203  97.5824  86.9172 0012158  54.4486 305.7879 15.17609467 87623
SITRO-AIS-12 (FARTUSHNY)
1 57204U 23091AQ  25028.42929508  .00019081  00000-0  90003-3 0  9993
2 57204  97.5824  87.5444 0011335  52.4071 307.8191 15.19461659 87662
ARCCUBE-1 (RS25S)
1 57205U 23091AR  25028.39325224  .00045245  00000-0  15155-2 0  9990
2 57205  97.5726  90.0924 0008498  50.3368 309.8621 15.30762679 87858
AHMAT-1 (RS41S)
1 57206U 23091AS  25028.48699317  .00025073  00000-0  10473-2 0  9993
2 57206  97.5783  88.5884 0010035  56.6390 303.5806 15.23575318 87752
SITRO-AIS-11 (SMIRENNY)
1 57208U 23091AU  25028.39708117  .00018263  00000-0  85816-3 0  9991
2 57208  97.5820  87.5700 0011151  53.0434 307.1820 15.19604369 87662
KUZGTU-1 (RS47S)
1 57217U 23091AV  25028.41008250  .00015096  00000-0  78307-3 0  9993
2 57217  97.5813  85.6353 0016175  65.7319 294.5601 15.16129697 87546
STRATOSAT-TK1-A (RS45S)
1 57322U 23091AW  25028.37862283  .00067797  00000-0  18955-2 0  9996
2 57322  97.5759  90.6114 0009794  53.6638 306.5508 15.36385263 85758
STRATOSAT-TK1-E (RS52SE)
1 57323U 23091AX  25028.39925380  .00030919  00000-0  12604-2 0  9998
2 57323  97.5792  87.8615 0013265  62.7809 297.4778 15.24318105 85574
STRATOSAT-TK1-B (RS52SB)
1 57324U 23091AY  25028.40520022  .00066784  00000-0  18773-2 0  9997
2 57324  97.5758  90.5910 0009941  52.8547 307.3603 15.36219294 85751
STRATOSAT-TK1-D (RS52SD)
1 57326U 23091BA  25028.38572885  .00029837  00000-0  12324-2 0  9994
2 57326  97.5782  87.7027 0013339  63.0608 297.1989 15.23880886 85407
STRATOSAT-TK1-V (RS52SV)
1 57327U 23091BB  25028.38530668  .00068617  00000-0  19204-2 0  9991
2 57327  97.5764  90.6419 0009927  52.7707 307.4441 15.36348054 85597
VERONIKA
1 58261U 23174F   25028.25346230  .00064928  00000-0  15037-2 0  9998
2 58261  97.4332 109.5732 0007862 163.2851 196.8656 15.42186618 68128
ENSO
1 58470U 23185J   25027.84905846  .00045535  00000-0  11355-2 0  9992
2 58470  97.3953 100.2125 0008747 195.8095 164.2879 15.40032234 64502
HAYASAT-1
1 58471U 23185K   25027.90335719  .00110642  00000-0  16965-2 0  9990
2 58471  97.3896 102.5217 0006122 191.1418 168.9701 15.53909522 64668
METEOR M2-4
1 59051U 24039A   25028.39390490  .00000111  00000-0  69128-4 0  9995
2 59051  98.6312 351.1223 0006848 182.9091 177.2049 14.22329730 47503
SITRO-AIS-29
1 59052U 24039B   25028.23711475  .00097790  00000-0  14409-2 0  9998
2 59052  97.4113 358.3789 0014475 116.3989 243.8753 15.54953885 51202
SITRO-AIS-30
1 59053U 24039C   25028.41271567  .00090894  00000-0  13826-2 0  9992
2 59053  97.4107 358.4410 0014481 117.0015 243.2719 15.54104970 51213
SITRO-AIS-31
1 59054U 24039D   25028.42640139  .00091599  00000-0  13606-2 0  9998
2 59054  97.4121 358.5800 0014281 118.5772 241.6921 15.54759055 51248
SITRO-AIS-33
1 59055U 24039E   25028.40028310  .00098097  00000-0  14479-2 0  9997
2 59055  97.4113 358.6255 0013968 116.5254 243.7434 15.54914469 51232
SITRO-AIS-35
1 59056U 24039F   25028.39112856  .00095891  00000-0  14100-2 0  9995
2 59056  97.4124 358.6341 0013964 119.0040 241.2615 15.55025832 51230
SITRO-AIS-32
1 59057U 24039G   25028.24268547  .00089008  00000-0  13408-2 0  9992
2 59057  97.4125 358.3837 0014159 118.6472 241.6208 15.54385035 51202
SITRO-AIS-34
1 59058U 24039H   25028.20738127  .00100992  00000-0  14935-2 0  9997
2 59058  97.4116 358.4282 0013926 117.4799 242.7873 15.54851762 51203
SITRO-AIS-36
1 59059U 24039J   25028.24878436  .00100644  00000-0  14896-2 0  9990
2 59059  97.4105 358.5158 0013543 117.9213 242.3414 15.54836378 51210
SITRO-AIS-49
1 59060U 24039K   25028.40782505  .00090558  00000-0  13632-2 0  9990
2 59060  97.4114 358.6152 0013851 117.3958 242.8706 15.54403601 51239
SITRO-AIS-50
1 59062U 24039M   25028.38874813  .00102902  00000-0  14695-2 0  9990
2 59062  97.4105 358.7813 0013637 115.6017 244.6648 15.55803794 51249
SITRO-AIS-51
1 59061U 24039L   25028.39667359  .00096271  00000-0  13880-2 0  9991
2 59061  97.4100 358.7736 0013571 115.5976 244.6682 15.55568602 51241
SITRO-AIS-52
1 59063U 24039N   25028.23956909  .00102113  00000-0  14549-2 0  9994
2 59063  97.4113 358.6856 0013557 118.1448 242.1179 15.55870032 51221
ZORKIY-2M 2
1 59064U 24039P   25028.40917784  .00040222  00000-0  90650-3 0  9992
2 59064  97.4168 357.1186 0015105 122.8832 237.3872 15.43032098 51148
PARS-1
1 59065U 24039Q   25028.48445845  .00013870  00000-0  44000-3 0  9992
2 59065  97.4235 355.4857 0014351 124.4102 235.8499 15.32701746 51004
SITRO-AIS-25
1 59066U 24039R   25028.41050601  .00008733  00000-0  77179-3 0  9993
2 59066  95.3829 250.1524 0158758 286.0737  72.3055 14.87214907 49536
SITRO-AIS-26
1 59067U 24039S   25028.42351580  .00008725  00000-0  77372-3 0  9991
2 59067  95.3830 250.1401 0158883 286.1592  72.2194 14.87074484 49539
SITRO-AIS-27
1 59068U 24039T   25028.37913446  .00008330  00000-0  73437-3 0  9991
2 59068  95.3832 250.1882 0158231 285.8749  72.5083 14.87373181 49538
SITRO-AIS-28
1 59071U 24039U   25028.43708510  .00008989  00000-0  79164-3 0  9999
2 59071  95.3834 250.2462 0158034 285.6104  72.7726 14.87415996 49541
SONATE-2
1 59112U 24043Q   25028.28457976  .00024925  00000-0  88454-3 0  9990
2 59112  97.4960 157.6067 0011649 222.5029 137.5310 15.28982766 50076
HORS-1
1 57188U 23091Y   25028.43087175  .00013197  00000-0  69696-3 0  9996
2 57188  97.5816  86.0798 0012611  58.3415 301.9045 15.15574631 87579
HORS-2
1 57196U 23091AG  25028.40035683  .00014897  00000-0  74541-3 0  9992
2 57196  97.5829  86.8329 0012337  58.0100 302.2330 15.17448568 87610
ZORKIY-2M 6
1 59774U 24092B   25028.39081728  .00015575  00000-0  80815-3 0  9992
2 59774  97.6020 145.1928 0011924 138.7336 221.4799 15.16166732 38728
ZORKIY-2M 4
1 59775U 24092C   25028.28247965  .00015979  00000-0  82018-3 0  9993
2 59775  97.6144 145.6177 0011868 142.4034 217.8030 15.16542783 38722
SITRO-AIS-53
1 59776U 24092D   25028.23752282  .00019801  00000-0  99773-3 0  9996
2 59776  97.6101 145.2113 0011459 118.9635 241.2749 15.17151093 38700
SITRO-AIS-54
1 59777U 24092E   25027.90503978  .00018974  00000-0  95641-3 0  9996
2 59777  97.6098 144.8800 0011764 120.6185 239.6209 15.17143898 38653
SITRO-AIS-56
1 59778U 24092F   25027.56219134  .00018127  00000-0  91050-3 0  9997
2 59778  97.6090 144.5527 0011890 122.5963 237.6419 15.17275309 38603
RASSVET 1-4
1 59779U 24092G   25028.42685993  .00000591  00000-0  23914-3 0  9994
2 59779  98.6228 144.5218 0011296 252.9002 107.0944 14.31466534 36672
RASSVET 1-5
1 59780U 24092H   25028.42626822  .00000592  00000-0  23947-3 0  9999
2 59780  98.6227 144.5200 0011515 253.5646 106.4272 14.31466155 36675
RASSVET 1-6
1 59781U 24092J   25028.42528573  .00000601  00000-0  24289-3 0  9995
2 59781  98.6227 144.5219 0011292 253.0840 106.9106 14.31466639 36677
SITRO-AIS-55
1 59809U 24092K   25027.85428474  .00018702  00000-0  94633-3 0  9992
2 59809  97.6100 144.7772 0011720 119.7835 240.4565 15.17012320 38147
MESAT-1
1 60209U 24125G   25027.08046870  .00023110  00000-0  81259-3 0  9995
2 60209  97.2951 240.6639 0020406 255.5282 104.3694 15.29160972 31501
ISTSAT-1
1 60238U 24128D   25028.38980523  .00011116  00000-0  84054-3 0  9995
2 60238  61.9909 178.9228 0037459  26.6427 333.6577 15.02226862 30378
IONOSFERA-M 01
1 61735U 24199A   25028.44404541  .00000198  00000-0  10872-3 0  9999
2 61735  98.7889 259.9505 0001646 122.0385 238.0953 14.22620834 55930
IONOSFERA-M 02
1 61736U 24199B   25028.40863753  .00000195  00000-0  10709-3 0  9996
2 61736  98.7887 259.8324 0001189  40.2287 319.8979 14.22620971 59056
SITRO-AIS-16
1 61737U 24199C   25028.34841289  .00006102  00000-0  58403-3 0  9997
2 61737  97.3762 253.9674 0006866 340.3396  19.7559 14.93511258 56354
SITRO-AIS-15
1 61738U 24199D   25028.41116842  .00005567  00000-0  53247-3 0  9991
2 61738  97.3763 254.0357 0006632 340.8655  19.2316 14.93573265 56363
SITRO-AIS-21
1 61739U 24199E   25028.49728246  .00006082  00000-0  60375-3 0  9990
2 61739  97.3763 253.9262 0012711 325.9017  34.1385 14.92020536 56402
SITRO-AIS-22
1 61740U 24199F   25028.22814163  .00006068  00000-0  60192-3 0  9998
2 61740  97.3766 253.6791 0012878 327.9229  32.1206 14.92047062 56517
SITRO-AIS-24
1 61741U 24199G   25028.15963617  .00005801  00000-0  57578-3 0  9998
2 61741  97.3767 253.6190 0012835 329.6852  30.3624 14.92042031 56476
SITRO-AIS-23
1 61742U 24199H   25028.42649905  .00006010  00000-0  59551-3 0  9996
2 61742  97.3765 253.8712 0012711 328.3690  31.6765 14.92092988 56393
SITRO-AIS-13
1 61743U 24199J   25028.40483705  .00005703  00000-0  54346-3 0  9994
2 61743  97.3764 254.0439 0006554 342.6391  17.4604 14.93713704 56523
CSTP-2.11
1 61744U 24199K   25028.43394072  .00021059  00000-0  77583-3 0  9996
2 61744  97.3784 258.1982 0012355 297.4610  62.5372 15.27778621 56745
POLYTECH UNIVERSE-5 (RS70S)
1 61745U 24199L   25028.42210762  .00025240  00000-0  91618-3 0  9990
2 61745  97.3755 258.1812 0010184 308.2856  51.7467 15.28253191 59881
COLIBRI-S (RS67S)
1 61746U 24199M   25028.38102109  .00019826  00000-0  73952-3 0  9995
2 61746  97.3782 258.1120 0012386 298.6784  61.3209 15.27381420 59878
POLYTECH UNIVERSE-4 (RS71S)
1 61747U 24199N   25028.38236720  .00018836  00000-0  70601-3 0  9991
2 61747  97.3780 258.1088 0012315 296.5902  63.4075 15.27231780 59878
SITRO-AIS-44
1 61748U 24199P   25028.41207218  .00026612  00000-0  95616-3 0  9990
2 61748  97.3753 258.1941 0010071 308.3280  51.7053 15.28578994 59884
VIZARD-ION (RS68S)
1 61749U 24199Q   25028.42647937  .00023485  00000-0  85886-3 0  9991
2 61749  97.3784 258.2057 0011897 296.7372  63.2649 15.28004416 59889
MTUSI-1
1 61750U 24199R   25028.39649819  .00023631  00000-0  88148-3 0  9997
2 61750  97.3755 258.0647 0012602 309.7261  50.2867 15.27340797 59870
VLADIVOSTOK-1
1 61751U 24199S   25028.42400055  .00012959  00000-0  50471-3 0  9998
2 61751  97.3760 258.0298 0011269 308.5940  51.4288 15.26054164 59888
SITRO-AIS-14
1 61752U 24199T   25028.40825348  .00005655  00000-0  54017-3 0  9998
2 61752  97.3763 254.0393 0006558 341.7440  18.3544 14.93622459 59667
HORS-3 (RS81S)
1 61753U 24199U   25028.37943110  .00023416  00000-0  86505-3 0  9995
2 61753  97.3754 258.0856 0011014 308.2699  51.7548 15.27680108 59874
HORS-4 (RS82S)
1 61754U 24199V   25028.49877557  .00025188  00000-0  91946-3 0  9993
2 61754  97.3751 258.2291 0011078 308.5318  51.4928 15.28058079 59896
SITRO-AIS-43
1 61755U 24199W   25028.40967244  .00026588  00000-0  95374-3 0  9992
2 61755  97.3752 258.1968 0010003 308.0310  52.0026 15.28632487 59888
SITRO-AIS-42
1 61756U 24199X   25028.40873899  .00027146  00000-0  97316-3 0  9994
2 61756  97.3753 258.1981 0010069 308.3127  51.7207 15.28648114 59887
HORIZON (RS59S)
1 61757U 24199Y   25028.40409736  .00030895  00000-0  10939-2 0  9990
2 61757  97.3777 258.2309 0011927 297.2800  62.7225 15.29007749 59883
SITRO-AIS-20
1 61758U 24199Z   25028.40093659  .00005623  00000-0  53499-3 0  9994
2 61758  97.3763 254.0459 0006449 345.3838  14.7195 14.93783788 59661
SITRO-AIS-19
1 61759U 24199AA  25028.39917699  .00005112  00000-0  48661-3 0  9990
2 61759  97.3765 254.0488 0006389 347.6118  12.4944 14.93803675 59660
SITRO-AIS-41
1 61760U 24199AB  25028.41135189  .00025467  00000-0  91647-3 0  9998
2 61760  97.3755 258.1956 0009874 309.0326  51.0034 15.28537021 59882
2024-199AC
1 61761U 24199AC  25028.41792744  .00023981  00000-0  87213-3 0  9998
2 61761  97.3753 258.1855 0009767 310.1728  49.8656 15.28205561 59885
ARCTICSAT-1 (RS74S)
1 61762U 24199AD  25028.52236258  .00031025  00000-0  10915-2 0  9996
2 61762  97.3775 258.3758 0011771 294.8934  65.1082 15.29217988 59903
SIT-HSE
1 61763U 24199AE  25028.40538659  .00025894  00000-0  92824-3 0  9991
2 61763  97.3754 258.2030 0009686 309.0997  50.9380 15.28662889 59886
SIT-2086
1 61764U 24199AF  25028.40035253  .00025953  00000-0  92830-3 0  9997
2 61764  97.3753 258.2100 0009442 310.0976  49.9436 15.28737726 56726
MORDOVIA-IOT (RS50S)
1 61765U 24199AG  25028.42217879  .00038971  00000-0  13193-2 0  9994
2 61765  97.3777 258.3585 0011463 294.2099  65.7944 15.30424693 56747
RUZAEVKA-390 (RS44S)
1 61766U 24199AH  25028.49492893  .00035848  00000-0  12272-2 0  9990
2 61766  97.3775 258.4106 0011322 293.2466  66.7583 15.30082452 56751
2024-199AJ (? AHMAT-2)
1 61767U 24199AJ  25028.40017730  .00041939  00000-0  13925-2 0  9999
2 61767  97.3765 258.3770 0011045 292.2468  67.7602 15.31040253 56746
HOD-HOD
1 61768U 24199AK  25028.40474722  .00020788  00000-0  75760-3 0  9993
2 61768  97.3760 258.2124 0007924 316.4289  43.6324 15.28180230 56734
KOSAR
1 61769U 24199AL  25028.39268978  .00023849  00000-0  85982-3 0  9994
2 61769  97.3756 258.2235 0007724 317.5819  42.4823 15.28508836 56739
2024-199AM
1 61770U 24199AM  25028.41135933  .00231894  00000-0  43200-2 0  9990
2 61770  97.3550 259.0555 0011583 316.2932  43.7400 15.47913820 56804
SITRO-AIS-48
1 61771U 24199AN  25028.41425536  .00024123  00000-0  90502-3 0  9995
2 61771  97.3727 258.0110 0013636 318.1671  41.8525 15.27134012 56723
HYPERVIEW-1G (RS66S)
1 61772U 24199AP  25028.39957787  .00028816  00000-0  10599-2 0  9991
2 61772  97.3749 258.0565 0015034 309.7906  50.2008 15.27732357 56729
SITRO-AIS-47
1 61773U 24199AQ  25028.41544835  .00024737  00000-0  92775-3 0  9996
2 61773  97.3729 258.0115 0013732 318.4993  41.5202 15.27137903 56720
SITRO-AIS-46
1 61774U 24199AR  25028.41395183  .00025180  00000-0  94143-3 0  9991
2 61774  97.3726 258.0119 0013909 318.3791  41.6389 15.27235465 56722
CSTP-2.2
1 61775U 24199AS  25028.38909000  .00015747  00000-0  61823-3 0  9994
2 61775  97.3761 257.9255 0015371 310.0589  49.9300 15.25690002 56713
SITRO-AIS-40
1 61776U 24199AT  25027.89167971  .00024587  00000-0  92073-3 0  9996
2 61776  97.3730 257.4929 0014089 320.5337  39.4875 15.27184548 59792
CSTP-2.1
1 61777U 24199AU  25028.52023776  .00016248  00000-0  63687-3 0  9996
2 61777  97.3756 258.0547 0015384 310.0924  49.8964 15.25737888 56733
SITRO-AIS-39
1 61778U 24199AV  25028.42377398  .00024702  00000-0  93163-3 0  9994
2 61778  97.3728 258.0000 0014102 319.2154  40.8028 15.26949244 56723
ALTAIR (RS65S)
1 61779U 24199AW  25028.39648902  .00014274  00000-0  56511-3 0  9992
2 61779  97.3759 257.9168 0015646 310.0909  49.8957 15.25429476 59869
SITRO-AIS-37
1 61780U 24199AX  25028.42526347  .00024920  00000-0  93916-3 0  9995
2 61780  97.3736 258.0073 0014449 318.8844  41.1305 15.26967105 56728
ASRTU-1 (RS64S/BJ2CR)
1 61781U 24199AY  25028.40679557  .00013832  00000-0  55055-3 0  9998
2 61781  97.3759 257.9029 0015811 310.3723  49.6134 15.25254583 56710
TUSUR GO (RS78S)
1 61782U 24199AZ  25028.41832042  .00033128  00000-0  12251-2 0  9990
2 61782  97.3751 258.0340 0016054 309.5306  50.4513 15.27509128 56720
ZIMSAT-2 (Z2AS)
1 61783U 24199BA  25028.38577106  .00039704  00000-0  14106-2 0  9991
2 61783  97.3748 258.0715 0016592 309.4727  50.5044 15.28777450 59871
SAMSAT-IONOSPHERE (RS75S)
1 61784U 24199BB  25028.49666363  .00024327  00000-0  91925-3 0  9998
2 61784  97.3755 258.0827 0016015 309.4121  50.5699 15.26860532 59881
RTU MIREA-1 (RS51S)
1 61785U 24199BC  25028.42796339  .00025925  00000-0  97568-3 0  9993
2 61785  97.3755 258.0222 0015873 309.3105  50.6726 15.26983500 56726
SITRO-AIS-38
1 61786U 24199BD  25028.42775112  .00024222  00000-0  91486-3 0  9992
2 61786  97.3733 257.9984 0014415 320.0331  39.9845 15.26900535 56727
2024-199BE (? SWSU-60)
1 61787U 24199BE  25028.40829468  .00013075  00000-0  52214-3 0  9995
2 61787  97.3760 257.9000 0015976 309.9555  50.0279 15.25155830 59866
SITRO-AIS-45
1 61788U 24199BF  25028.42008133  .00024386  00000-0  91789-3 0  9993
2 61788  97.3723 257.9996 0014029 318.7998  41.2181 15.27018780 56705
SITRO-AIS-17
1 61789U 24199BG  25028.39782668  .00005224  00000-0  49677-3 0  9991
2 61789  97.3769 254.0550 0006648 351.0406   9.0695 14.93827475 56569
SITRO-AIS-18
1 61790U 24199BH  25028.39864550  .00005276  00000-0  50203-3 0  9998
2 61790  97.3765 254.0500 0006444 349.1022  11.0059 14.93806142 56563
LIGNOSAT
1 62296U 98067XC  25027.89294976  .00133626  00000-0  14589-2 0  9995
2 62296  51.6346 279.8028 0014347 155.4870 204.6809 15.62288932  7717
YOMOGI
1 62298U 98067XE  25027.89105031  .00138669  00000-0  15007-2 0  9998
2 62298  51.6336 279.7885 0014467 155.8208 204.3468 15.62493146  7713
POEM-4
1 62461U 24253C   25027.72774456  .00115485  00000-0  68123-3 0  9990
2 62461  55.2214 121.9092 0009294   1.5532 358.5544 15.77339606  4414
PLEIADES-ORPHEUS
1 98724C 24248D   24356.55167141  .00080857  00000+0  38463-2 0    06
2 98724  44.9996   0.5278 0003834  18.1359 115.7653 15.18415623    15
CROCUBE
1 98799U          24356.55243530  .00075084  00000+0  37160-2 0    04
2 98799  45.0011   0.5205 0005283 101.7631  36.3233 15.17035563    11
LASARSAT
1 98797U          24356.55243530  .00075084  00000+0  37160-2 0    02
2 98797  45.0011   0.5205 0005283 101.7631  36.3233 15.17035563    19
